0 1 1 1 
0.0283789 0.977383 0.984 0.986934 
0.0567577 0.954784 0.968006 0.973871 
0.0851366 0.932221 0.952025 0.960815 
0.113515 0.909712 0.936063 0.94777 
0.141894 0.887276 0.920127 0.934739 
0.170273 0.86493 0.904223 0.921725 
0.198652 0.842691 0.888357 0.908732 
0.227031 0.820577 0.872536 0.895764 
0.25541 0.798605 0.856766 0.882823 
0.283789 0.776791 0.841052 0.869913 
0.312168 0.755152 0.825402 0.857038 
0.340546 0.733703 0.809821 0.844201 
0.368925 0.71246 0.794315 0.831406 
0.397304 0.691438 0.778889 0.818654 
0.425683 0.670651 0.76355 0.805951 
0.454062 0.650113 0.748304 0.793299 
0.482441 0.629837 0.733155 0.7807 
0.51082 0.609837 0.71811 0.768159 
0.539198 0.590124 0.703173 0.755679 
0.567577 0.57071 0.68835 0.743262 
0.595956 0.551605 0.673645 0.730911 
0.624335 0.53282 0.659065 0.71863 
0.652714 0.514364 0.644612 0.706421 
0.681093 0.496246 0.630293 0.694287 
0.709472 0.478474 0.616111 0.68223 
0.737851 0.461056 0.602071 0.670255 
0.766229 0.443998 0.588177 0.658363 
0.794608 0.427306 0.574434 0.646556 
0.822987 0.410986 0.560844 0.634838 
0.851366 0.395042 0.547412 0.62321 
0.879745 0.379477 0.53414 0.611676 
0.908124 0.364295 0.521034 0.600237 
0.936503 0.349499 0.508094 0.588896 
0.964881 0.33509 0.495326 0.577655 
0.99326 0.32107 0.482731 0.566516 
1.02164 0.307438 0.470312 0.555481 
1.05002 0.294195 0.458071 0.544552 
1.0784 0.281341 0.446011 0.533731 
1.10678 0.268872 0.434134 0.52302 
1.13515 0.256789 0.422442 0.51242 
1.16353 0.245088 0.410937 0.501933 
1.19191 0.233766 0.39962 0.491561 
1.22029 0.22282 0.388492 0.481305 
1.24867 0.212245 0.377555 0.471167 
1.27705 0.202039 0.36681 0.461148 
1.30543 0.192194 0.356258 0.451248 
1.33381 0.182707 0.345899 0.441471 
1.36219 0.173572 0.335734 0.431815 
1.39056 0.164782 0.325763 0.422284 
1.41894 0.156332 0.315987 0.412876 
1.44732 0.148214 0.306405 0.403594 
1.4757 0.140423 0.297018 0.394438 
1.50408 0.132951 0.287826 0.385409 
1.53246 0.12579 0.278827 0.376507 
1.56084 0.118933 0.270022 0.367734 
1.58922 0.112373 0.261409 0.359088 
1.6176 0.106101 0.252988 0.350572 
1.64597 0.10011 0.244758 0.342185 
1.67435 0.0943923 0.236717 0.333927 
1.70273 0.0889392 0.228865 0.325799 
1.73111 0.0837428 0.221201 0.3178 
1.75949 0.078795 0.213722 0.309932 
1.78787 0.0740877 0.206427 0.302193 
1.81625 0.0696128 0.199315 0.294584 
1.84463 0.0653623 0.192383 0.287104 
1.87301 0.0613281 0.185631 0.279754 
1.90138 0.0575024 0.179055 0.272532 
1.92976 0.0538772 0.172654 0.26544 
1.95814 0.0504447 0.166426 0.258475 
1.98652 0.0471975 0.160368 0.251638 
2.0149 0.0441279 0.154479 0.244928 
2.04328 0.0412285 0.148755 0.238345 
2.07166 0.0384922 0.143194 0.231888 
2.10004 0.0359118 0.137795 0.225556 
2.12842 0.0334803 0.132553 0.219348 
2.15679 0.0311911 0.127468 0.213264 
2.18517 0.0290376 0.122536 0.207302 
2.21355 0.0270132 0.117754 0.201463 
2.24193 0.0251119 0.113119 0.195744 
2.27031 0.0233276 0.10863 0.190146 
2.29869 0.0216543 0.104283 0.184666 
2.32707 0.0200865 0.100075 0.179304 
2.35545 0.0186187 0.0960033 0.174058 
2.38382 0.0172456 0.0920655 0.168928 
2.4122 0.0159622 0.0882586 0.163913 
2.44058 0.0147635 0.0845796 0.15901 
2.46896 0.0136449 0.0810257 0.154219 
2.49734 0.0126018 0.0775939 0.149539 
2.52572 0.0116299 0.0742816 0.144967 
2.5541 0.0107251 0.0710856 0.140504 
2.58248 0.00988345 0.0680033 0.136147 
2.61086 0.00910115 0.0650318 0.131895 
2.63923 0.00837461 0.0621682 0.127747 
2.66761 0.0077004 0.0594097 0.123701 
2.69599 0.00707524 0.0567536 0.119755 
2.72437 0.00649604 0.054197 0.115909 
2.75275 0.00595984 0.0517373 0.112161 
2.78113 0.00546386 0.0493716 0.108509 
2.80951 0.00500544 0.0470974 0.104951 
2.83789 0.00458208 0.044912 0.101487 
2.86627 0.00419142 0.0428127 0.0981149 
2.89464 0.00383122 0.040797 0.0948325 
2.92302 0.00349936 0.0388623 0.0916388 
2.9514 0.00319387 0.0370061 0.088532 
2.97978 0.00291288 0.0352259 0.0855107 
3.00816 0.00265462 0.0335194 0.0825733 
3.03654 0.00241746 0.0318841 0.0797182 
3.06492 0.00219984 0.0303176 0.0769439 
3.0933 0.00200031 0.0288177 0.0742488 
3.12168 0.00181751 0.0273822 0.0716314 
3.15005 0.00165018 0.0260088 0.06909 
3.17843 0.00149714 0.0246954 0.0666232 
3.20681 0.00135726 0.0234398 0.0642294 
3.23519 0.00122954 0.0222399 0.061907 
3.26357 0.00111299 0.0210939 0.0596546 
3.29195 0.00100673 0.0199997 0.0574705 
3.32033 0.00090993 0.0189553 0.0553534 
3.34871 0.000821818 0.0179589 0.0533017 
3.37709 0.000741678 0.0170087 0.0513139 
3.40546 0.000668847 0.016103 0.0493885 
3.43384 0.000602712 0.0152399 0.0475241 
3.46222 0.000542706 0.0144178 0.0457192 
3.4906 0.000488304 0.013635 0.0439725 
3.51898 0.000439023 0.0128901 0.0422824 
3.54736 0.000394416 0.0121813 0.0406476 
3.57574 0.000354073 0.0115074 0.0390667 
3.60412 0.000317615 0.0108667 0.0375383 
3.6325 0.000284694 0.0102579 0.0360611 
3.66087 0.000254992 0.00967969 0.0346338 
3.68925 0.000228215 0.0091307 0.033255 
3.71763 0.000204094 0.00860968 0.0319234 
3.74601 0.000182384 0.0081154 0.0306379 
3.77439 0.000162859 0.00764667 0.029397 
3.80277 0.000145313 0.00720235 0.0281996 
3.83115 0.000129559 0.00678135 0.0270445 
3.85953 0.000115424 0.0063826 0.0259304 
3.8879 0.000102754 0.00600507 0.0248563 
3.91628 9.14036e-05 0.00564778 0.0238209 
3.94466 8.12452e-05 0.00530977 0.0228231 
3.97304 7.21606e-05 0.00499015 0.0218619 
4.00142 6.40427e-05 0.00468802 0.020936 
4.0298 5.67945e-05 0.00440256 0.0200445 
4.05818 5.03281e-05 0.00413293 0.0191864 
4.08656 4.45637e-05 0.00387838 0.0183605 
4.11494 3.94292e-05 0.00363815 0.0175659 
4.14331 3.48596e-05 0.00341153 0.0168016 
4.17169 3.07959e-05 0.00319783 0.0160667 
4.20007 2.7185e-05 0.0029964 0.0153601 
4.22845 2.39791e-05 0.00280661 0.0146811 
4.25683 2.11349e-05 0.00262786 0.0140287 
4.28521 1.86138e-05 0.00245957 0.013402 
4.31359 1.63808e-05 0.0023012 0.0128001 
4.34197 1.44046e-05 0.00215222 0.0122224 
4.37035 1.2657e-05 0.00201213 0.0116678 
4.39872 1.11129e-05 0.00188046 0.0111357 
4.4271 9.74964e-06 0.00175674 0.0106252 
4.45548 8.54702e-06 0.00164054 0.0101357 
4.48386 7.48695e-06 0.00153146 0.00966632 
4.51224 6.5533e-06 0.00142909 0.00921643 
4.54062 5.73165e-06 0.00133307 0.00878533 
4.569 5.00915e-06 0.00124302 0.00837234 
4.59738 4.37433e-06 0.00115863 0.0079768 
4.62576 3.81702e-06 0.00107955 0.00759808 
4.65413 3.32813e-06 0.0010055 0.00723555 
4.68251 2.89961e-06 0.00093617 0.00688863 
4.71089 2.52431e-06 0.000871293 0.00655672 
4.73927 2.19589e-06 0.000810605 0.00623927 
4.76765 1.90871e-06 0.00075386 0.00593572 
4.79603 1.65781e-06 0.000700822 0.00564554 
4.82441 1.43877e-06 0.000651269 0.00536823 
4.85279 1.2477e-06 0.000604991 0.00510327 
4.88117 1.08117e-06 0.000561788 0.00485019 
4.90954 9.36139e-07 0.000521473 0.00460852 
4.93792 8.09933e-07 0.000483868 0.0043778 
4.9663 7.00197e-07 0.000448805 0.00415761 
4.99468 6.04859e-07 0.000416124 0.00394751 
5.02306 5.22095e-07 0.000385677 0.0037471 
5.05144 4.50306e-07 0.000357321 0.00355597 
5.07982 3.88087e-07 0.000330925 0.00337376 
5.1082 3.34204e-07 0.000306362 0.00320009 
5.13658 2.87578e-07 0.000283515 0.00303461 
5.16495 2.47265e-07 0.000262271 0.00287696 
5.19333 2.12437e-07 0.000242527 0.00272683 
5.22171 1.82373e-07 0.000224184 0.00258388 
5.25009 1.56441e-07 0.00020715 0.00244782 
5.27847 1.34093e-07 0.000191336 0.00231835 
5.30685 1.14847e-07 0.000176663 0.00219517 
5.33523 9.82866e-08 0.000163053 0.00207802 
5.36361 8.40488e-08 0.000150433 0.00196663 
5.39198 7.18173e-08 0.000138738 0.00186075 
5.42036 6.1318e-08 0.000127903 0.00176013 
5.44874 5.23128e-08 0.000117869 0.00166453 
5.47712 4.45953e-08 0.00010858 0.00157373 
5.5055 3.79866e-08 9.99856e-05 0.00148751 
5.53388 3.2332e-08 9.2036e-05 0.00140566 
5.56226 2.74976e-08 8.4686e-05 0.00132798 
5.59064 2.33678e-08 7.78932e-05 0.00125428 
5.61902 1.98427e-08 7.16178e-05 0.00118437 
5.64739 1.68363e-08 6.58228e-05 0.00111808 
5.67577 1.42741e-08 6.04735e-05 0.00105523 
5.70415 1.20924e-08 5.55376e-05 0.000995669 
5.73253 1.02362e-08 5.0985e-05 0.000939231 
5.76091 8.6581e-09 4.67876e-05 0.000885768 
5.78929 7.31758e-09 4.29194e-05 0.000835139 
5.81767 6.17976e-09 3.93558e-05 0.000787205 
5.84605 5.21477e-09 3.60742e-05 0.000741835 
5.87443 4.39703e-09 3.30536e-05 0.000698904 
5.9028 3.70461e-09 3.02742e-05 0.000658291 
5.93118 3.11879e-09 2.77179e-05 0.000619882 
5.95956 2.62354e-09 2.53677e-05 0.000583567 
5.98794 2.20521e-09 2.32078e-05 0.00054924 
6.01632 1.85213e-09 2.12236e-05 0.000516802 
6.0447 1.55436e-09 1.94017e-05 0.000486157 
6.07308 1.30344e-09 1.77292e-05 0.000457214 
6.10146 1.09217e-09 1.61948e-05 0.000429884 
6.12984 9.14425e-10 1.47874e-05 0.000404087 
6.15821 7.65007e-10 1.34971e-05 0.000379741 
6.18659 6.39501e-10 1.23146e-05 0.000356771 
6.21497 5.34166e-10 1.12315e-05 0.000335106 
6.24335 4.4583e-10 1.02396e-05 0.000314677 
6.27173 3.71811e-10 9.33171e-06 0.000295419 
6.30011 3.09837e-10 8.50105e-06 0.000277268 
6.32849 2.5799e-10 7.74134e-06 0.000260167 
6.35687 2.1465e-10 7.04679e-06 0.000244059 
6.38525 1.78451e-10 6.41208e-06 0.000228889 
6.41362 1.48239e-10 5.83229e-06 0.000214609 
6.442 1.23046e-10 5.30286e-06 0.000201168 
6.47038 1.02054e-10 4.81964e-06 0.00018852 
6.49876 8.45765e-11 4.37875e-06 0.000176623 
6.52714 7.00372e-11 3.97665e-06 0.000165435 
6.55552 5.79516e-11 3.61008e-06 0.000154916 
6.5839 4.79138e-11 3.27603e-06 0.000145029 
6.61228 3.95834e-11 2.97174e-06 0.000135739 
6.64065 3.26756e-11 2.69467e-06 0.000127011 
6.66903 2.69521e-11 2.44249e-06 0.000118814 
6.69741 2.22137e-11 2.21304e-06 0.000111118 
6.72579 1.82938e-11 2.00438e-06 0.000103893 
6.75417 1.50538e-11 1.81468e-06 9.71141e-05 
6.78255 1.23779e-11 1.6423e-06 9.0754e-05 
6.81093 1.01696e-11 1.48572e-06 8.47888e-05 
6.83931 8.34874e-12 1.34355e-06 7.91955e-05 
6.86769 6.84848e-12 1.21451e-06 7.39522e-05 
6.89606 5.61338e-12 1.09743e-06 6.90384e-05 
6.92444 4.59741e-12 9.91259e-07 6.44347e-05 
6.95282 3.76235e-12 8.9501e-07 6.01226e-05 
6.9812 3.07653e-12 8.07792e-07 5.60847e-05 
7.00958 2.51375e-12 7.28791e-07 5.23046e-05 
7.03796 2.0523e-12 6.5726e-07 4.87668e-05 
7.06634 1.67423e-12 5.92519e-07 4.54567e-05 
7.09472 1.36473e-12 5.33947e-07 4.23604e-05 
7.1231 1.11157e-12 4.80979e-07 3.94649e-05 
7.15147 9.04655e-13 4.33096e-07 3.67579e-05 
7.17985 7.35676e-13 3.89828e-07 3.42278e-05 
7.20823 5.97788e-13 3.50747e-07 3.18637e-05 
7.23661 4.85361e-13 3.1546e-07 2.96552e-05 
7.26499 3.93767e-13 2.83613e-07 2.75928e-05 
7.29337 3.19206e-13 2.54882e-07 2.56672e-05 
7.32175 2.58559e-13 2.28972e-07 2.38699e-05 
7.35013 2.09269e-13 2.05616e-07 2.21927e-05 
7.37851 1.69241e-13 1.8457e-07 2.06281e-05 
7.40688 1.36762e-13 1.65614e-07 1.91688e-05 
7.43526 1.10428e-13 1.48547e-07 1.78082e-05 
7.46364 8.90949e-14 1.33186e-07 1.65399e-05 
7.49202 7.1826e-14 1.19368e-07 1.53581e-05 
7.5204 5.78585e-14 1.06941e-07 1.42569e-05 
7.54878 4.65703e-14 9.57707e-08 1.32314e-05 
7.57716 3.74548e-14 8.57337e-08 1.22764e-05 
7.60554 3.00997e-14 7.67186e-08 1.13875e-05 
7.63392 2.41698e-14 6.86246e-08 1.05602e-05 
7.66229 1.93928e-14 6.13607e-08 9.79045e-06 
7.69067 1.55477e-14 5.48441e-08 9.07449e-06 
7.71905 1.24551e-14 4.90005e-08 8.40873e-06 
7.74743 9.96971e-15 4.37624e-08 7.7898e-06 
7.77581 7.97398e-15 3.9069e-08 7.21457e-06 
7.80419 6.37271e-15 3.48653e-08 6.6801e-06 
7.83257 5.08897e-15 3.11018e-08 6.18362e-06 
7.86095 4.06061e-15 2.77336e-08 5.72257e-06 
7.88933 3.23749e-15 2.47205e-08 5.29453e-06 
7.9177 2.57918e-15 2.20262e-08 4.89724e-06 
7.94608 2.05311e-15 1.96179e-08 4.5286e-06 
7.97446 1.63304e-15 1.7466e-08 4.18662e-06 
8.00284 1.29789e-15 1.55441e-08 3.86947e-06 
8.03122 1.03071e-15 1.38282e-08 3.57543e-06 
8.0596 8.17882e-16 1.2297e-08 3.30287e-06 
8.08798 6.48485e-16 1.0931e-08 3.0503e-06 
8.11636 5.13766e-16 9.71296e-09 2.81632e-06 
8.14473 4.06712e-16 8.62726e-09 2.59962e-06 
8.17311 3.21709e-16 7.65992e-09 2.39896e-06 
8.20149 2.54271e-16 6.79838e-09 2.21323e-06 
8.22987 2.0081e-16 6.03137e-09 2.04134e-06 
8.25825 1.58463e-16 5.3488e-09 1.88232e-06 
8.28663 1.24948e-16 4.74162e-09 1.73524e-06 
8.31501 9.84427e-17 4.20172e-09 1.59924e-06 
8.34339 7.74987e-17 3.72183e-09 1.47351e-06 
8.37177 6.09623e-17 3.29546e-09 1.35732e-06 
8.40014 4.79163e-17 2.91679e-09 1.24996e-06 
8.42852 3.76323e-17 2.58061e-09 1.1508e-06 
8.4569 2.95321e-17 2.28229e-09 1.05923e-06 
8.48528 0 0 0 
